Best lambda: 0.0011253355826007646Layers: [30, 20, 10, 1], lambdas: [1.00000000e-06 1.51177507e-06 2.28546386e-06 3.45510729e-06
 5.22334507e-06 7.89652287e-06 1.19377664e-05 1.80472177e-05
 2.72833338e-05 4.12462638e-05 6.23550734e-05 9.42668455e-05
 1.42510267e-04 2.15443469e-04 3.25702066e-04 4.92388263e-04
 7.44380301e-04 1.12533558e-03 1.70125428e-03 2.57191381e-03
 3.88815518e-03 5.87801607e-03 8.88623816e-03 1.34339933e-02
 2.03091762e-02 3.07029063e-02 4.64158883e-02 7.01703829e-02
 1.06081836e-01 1.60371874e-01 2.42446202e-01 3.66524124e-01
 5.54102033e-01 8.37677640e-01 1.26638017e+00 1.91448198e+00
 2.89426612e+00 4.37547938e+00 6.61474064e+00 1.00000000e+01], mode: rmsprop, avg_num: 8Costs: [0.08983896744271466, 0.11495789358529403, 0.10157197159119008, 0.09398179541042967, 0.08368794213108868, 0.06903775786931764, 0.08293448368784874, 0.09148276511555994, 0.08495918735827591, 0.09978907304149359, 0.07190919765462492, 0.11723849733891806, 0.0680711569355541, 0.07146874047428647, 0.09096208125988241, 0.0821299164947793, 0.0755723242813704, 0.06637883409115101, 0.10183411343633814, 0.0852169608685616, 0.09012868193473106, 0.08142275243135405, 0.07994876405477233, 0.06897998144660822, 0.09460883447796953, 0.07985010595036404, 0.07382404794174165, 0.088206173327131, 0.09106518546929818, 0.10183461929450634, 0.12609768803405533, 0.09633356613554882, 0.14995364916312287, 0.13615473191129254, 0.14518763215146593, 0.1770612084330162, 0.18276327868118858, 0.20309571504020169, 0.2174851487351489, 0.23526553495521876]Best lambda: 0.0008376776400682907Layers: [30, 20, 10, 1], lambdas: [1.00000000e-10 1.80472177e-10 3.25702066e-10 5.87801607e-10
 1.06081836e-09 1.91448198e-09 3.45510729e-09 6.23550734e-09
 1.12533558e-08 2.03091762e-08 3.66524124e-08 6.61474064e-08
 1.19377664e-07 2.15443469e-07 3.88815518e-07 7.01703829e-07
 1.26638017e-06 2.28546386e-06 4.12462638e-06 7.44380301e-06
 1.34339933e-05 2.42446202e-05 4.37547938e-05 7.89652287e-05
 1.42510267e-04 2.57191381e-04 4.64158883e-04 8.37677640e-04
 1.51177507e-03 2.72833338e-03 4.92388263e-03 8.88623816e-03
 1.60371874e-02 2.89426612e-02 5.22334507e-02 9.42668455e-02
 1.70125428e-01 3.07029063e-01 5.54102033e-01 1.00000000e+00], mode: rmsprop, avg_num: 20Costs: [0.0993290881717999, 0.11225765951842363, 0.09018231198973785, 0.10957397336071491, 0.08812327804798428, 0.10582552503760385, 0.0743352652052151, 0.09012224300676606, 0.06719641645618403, 0.08921969349945127, 0.10104168805722342, 0.08546668051470578, 0.10187027232277143, 0.10270910204551545, 0.07712976558905499, 0.07794156619709994, 0.08833672172309039, 0.09982944814599023, 0.10850370493042172, 0.10328151350252716, 0.10044514085767817, 0.11533649738324862, 0.09345493177990546, 0.10296941174577892, 0.08336083385649819, 0.07823566691756725, 0.09127188702065835, 0.06657816420206669, 0.07956463700128502, 0.08118890817936911, 0.07009811990254727, 0.0869269682040347, 0.0706301525147603, 0.07647963382408154, 0.08075124872302916, 0.09036332809272954, 0.08552584641205221, 0.10527436179775271, 0.10945720802851344, 0.11807004929429091]

Best lambda: 0.01Layers: [30, 20, 10, 1], lambdas: [1.00000000e-06 1.77827941e-06 3.16227766e-06 5.62341325e-06
 1.00000000e-05 1.77827941e-05 3.16227766e-05 5.62341325e-05
 1.00000000e-04 1.77827941e-04 3.16227766e-04 5.62341325e-04
 1.00000000e-03 1.77827941e-03 3.16227766e-03 5.62341325e-03
 1.00000000e-02 1.77827941e-02 3.16227766e-02 5.62341325e-02
 1.00000000e-01 1.77827941e-01 3.16227766e-01 5.62341325e-01
 1.00000000e+00], mode: rmsprop, avg_num: 40Costs: [0.09847852080721935, 0.09789635210082467, 0.09029399976137684, 0.11320903923015321, 0.09689785561431483, 0.08760981607329235, 0.10508384151245502, 0.10497950497028144, 0.09437375884251004, 0.09773847991724445, 0.09310001839208473, 0.10516880216681608, 0.09524747008944494, 0.0898655404738797, 0.09177446635651001, 0.0857606617732464, 0.08402431564634456, 0.09138754976809248, 0.09236636140110899, 0.09430209841404211, 0.0940158193029784, 0.09032098126121821, 0.10300215609722341, 0.11169265171462531, 0.1260387426881826]


 

Neural network structure: [30, 20, 15, 10, 5, 1]
Best lambda: 0.01
Best accuracy: 0.9256410256410258
lambdas = np.logspace(-2, 3, 25)
Accuracy values: [0.9256410256410258, 0.9091575091575094, 0.9131868131868134, 0.9172161172161174, 0.9183150183150185, 0.9190476190476192, 0.9234432234432236, 0.9216117216117218, 0.908791208791209, 0.9076923076923079, 0.9025641025641028, 0.8948717948717951, 0.8688644688644691, 0.8065934065934068, 0.5714285714285713, 0.5714285714285713, 0.5714285714285713, 0.5714285714285713, 0.5714285714285713, 0.5714285714285713, 0.5714285714285713, 0.5714285714285713, 0.5714285714285713, 0.5714285714285713, 0.5714285714285713]



Neural network structure: [30, 20, 10, 1]
Best lambda: 0.1778279410038923
Best accuracy: 0.9135531135531137
lambdas = np.logspace(-2, 3, 25)
Accuracy values: [0.9000000000000002, 0.900732600732601, 0.9113553113553116, 0.9069597069597072, 0.9076923076923079, 0.9098901098901101, 0.9135531135531137, 0.9018315018315021, 0.8992673992673995, 0.9000000000000001, 0.9032967032967035, 0.9076923076923079, 0.9014652014652017, 0.9095238095238097, 0.8868131868131871, 0.8798534798534802, 0.8641025641025644, 0.7970695970695973, 0.5714285714285713, 0.5714285714285713, 0.5714285714285713, 0.5714285714285713, 0.5714285714285713, 0.5714285714285713, 0.5714285714285713]



Neural network structure: [30, 5, 4, 3, 2, 1]
Best lambda: 0.01
Best accuracy: 0.9260073260073262
lambdas = np.logspace(-2, 3, 25)
Accuracy values: [0.9260073260073262, 0.9062271062271064, 0.9183150183150185, 0.9186813186813189, 0.9142857142857145, 0.9183150183150185, 0.9146520146520148, 0.9183150183150185, 0.8959706959706962, 0.8673992673992678, 0.8465201465201468, 0.8098901098901101, 0.707692307692308, 0.6736263736263737, 0.5714285714285713, 0.5714285714285713, 0.5714285714285713, 0.5714285714285713, 0.5714285714285713, 0.5714285714285713, 0.5714285714285713, 0.5714285714285713, 0.5714285714285713, 0.5714285714285713, 0.5714285714285713]



Neural network structure: [30, 10, 5, 1]
Best lambda: 0.01
Best accuracy: 0.9205128205128207
lambdas = np.logspace(-2, 3, 25)
Accuracy values: [0.9205128205128207, 0.8963369963369966, 0.912820512820513, 0.9161172161172163, 0.9146520146520148, 0.9135531135531137, 0.9117216117216119, 0.9029304029304032, 0.9043956043956046, 0.9164835164835167, 0.908791208791209, 0.9135531135531137, 0.9124542124542127, 0.893772893772894, 0.893772893772894, 0.8739926739926742, 0.8611721611721614, 0.7553113553113554, 0.5714285714285713, 0.5714285714285713, 0.5714285714285713, 0.5714285714285713, 0.5714285714285713, 0.5714285714285713, 0.5714285714285713]

